526	95	1	2	3	4	5	6	7	8	9	10	11	12	13	14	15	16	17	18	19	20	21	22	23	24	25	26	27	28	29	30	31	32	33	34	35	36	38	39	42	43	44	45	46	47	48	49	50	51	52	53	54	55	57	59	60	61	62	63	64	66	67	68	69	71	73	75	77	78	79	81	83	85	86	89	90	91	94	99	102	103	106	107	116	120	121	124	127	128	135	138	143	151	193	194	340
729	99	1	2	3	4	5	6	7	8	9	10	11	12	13	14	15	16	17	18	19	20	21	22	23	24	25	26	27	28	29	30	31	32	34	35	36	37	38	39	40	41	42	43	44	45	46	47	48	49	50	51	53	54	56	57	58	59	60	61	62	63	64	65	66	67	69	70	71	73	76	77	82	83	87	88	89	92	97	101	103	112	113	114	117	120	128	131	136	145	156	160	161	168	178	209	220	243	256	294	362
301	183	1	2	3	4	5	6	7	8	9	10	11	12	13	14	15	16	17	18	19	20	21	22	23	24	25	26	27	28	29	30	31	32	33	34	35	36	37	38	39	40	41	42	43	44	45	46	47	48	49	50	51	52	53	54	55	56	57	58	59	60	61	62	63	64	65	66	67	68	69	70	71	72	73	74	75	76	77	78	79	80	81	82	83	84	85	86	87	88	89	91	92	93	94	95	96	99	100	101	102	103	105	106	108	109	110	111	113	114	115	116	118	119	121	123	126	127	130	131	133	134	135	136	137	138	139	140	142	143	144	145	147	148	149	150	151	152	153	154	156	160	161	162	163	165	166	167	170	171	172	175	177	178	179	183	184	185	186	187	188	189	190	200	204	214	230	232	235	242	243	246	247	250	253	254	255	259	268	273	280	289	290	293	442
262	181	1	2	3	4	5	6	7	8	9	10	11	12	13	14	15	16	17	18	19	20	21	22	23	24	25	26	27	28	29	30	31	32	33	34	35	36	37	38	39	40	41	42	43	44	45	46	47	48	49	50	51	52	53	54	55	56	57	58	59	60	61	62	63	64	65	66	67	68	69	70	71	72	73	74	75	76	77	78	79	80	81	82	83	84	85	86	87	88	89	90	91	92	93	94	95	96	97	98	99	100	101	102	103	104	105	106	107	108	109	110	111	112	113	114	115	117	123	126	129	132	133	138	139	141	146	147	148	154	155	157	159	161	162	163	164	167	169	170	171	173	176	177	179	180	181	182	184	187	188	189	190	192	193	194	195	199	200	202	205	206	210	211	212	215	217	218	220	222	225	237	242	247	249	251	258	261	277	298	302	307	350
260	177	1	2	3	4	5	6	7	8	9	10	11	12	13	14	15	16	17	18	19	20	21	22	23	24	25	26	27	28	29	30	31	32	33	34	35	36	37	38	39	40	41	42	43	44	45	46	47	48	49	50	51	52	53	54	55	56	57	58	59	60	61	62	63	64	65	66	67	68	69	70	71	72	73	74	75	76	77	78	79	80	81	82	83	84	85	86	87	88	89	90	91	92	93	94	95	96	97	98	99	100	101	102	103	104	105	106	107	109	110	111	112	113	115	116	117	118	120	121	125	127	128	129	130	131	132	133	134	136	142	143	145	147	149	151	152	154	155	156	157	158	161	163	167	168	169	170	173	174	175	176	182	184	187	188	189	190	191	192	194	196	198	199	201	202	203	204	211	220	222	223	237	244	255	285	292	336	389
276	178	1	2	3	4	5	6	7	8	9	10	11	12	13	14	15	16	17	18	19	20	21	22	23	24	25	26	27	28	29	30	31	32	33	34	35	36	37	38	39	40	41	42	43	44	45	46	47	48	49	50	51	52	53	54	55	56	57	58	59	60	61	62	63	64	65	66	67	68	69	70	71	72	73	74	75	76	77	78	79	80	81	82	83	84	85	86	87	88	89	90	91	92	93	94	95	96	97	98	99	100	103	104	105	106	107	110	111	112	114	115	116	120	121	122	125	127	128	129	131	132	133	134	135	136	139	140	141	145	146	147	148	150	151	153	155	156	157	158	161	165	167	168	169	170	171	172	174	175	176	177	178	179	182	183	185	186	187	188	192	193	200	203	205	219	222	231	236	240	242	247	251	256	279	289	299	300	304	310
289	187	1	2	3	4	5	6	7	8	9	10	11	12	13	14	15	16	17	18	19	20	21	22	23	24	25	26	27	28	29	30	31	32	33	34	35	36	37	38	39	40	41	42	43	44	45	46	47	48	49	50	51	52	53	54	55	56	57	58	59	60	61	62	63	64	65	66	67	68	69	70	71	72	73	74	75	76	77	78	79	80	81	82	83	84	85	86	87	88	89	90	91	92	93	94	95	96	97	98	99	100	101	102	104	106	107	108	109	110	111	114	115	116	118	119	120	122	123	126	127	128	129	131	132	134	135	136	137	138	140	141	142	143	144	145	146	149	150	151	153	155	156	157	158	159	161	162	164	166	167	168	169	176	178	179	180	181	182	185	186	187	188	189	190	193	194	197	198	199	200	204	205	215	217	231	234	243	248	252	254	258	267	289	298	308	309	313	319
109	97	1	2	3	5	6	8	9	10	11	12	13	14	15	16	17	19	20	21	22	23	25	26	27	28	29	30	31	32	33	34	35	36	37	38	39	40	41	42	43	44	45	46	47	48	49	50	51	52	53	54	55	56	57	58	59	60	61	62	63	64	65	66	67	68	69	70	71	72	73	74	75	76	77	78	79	80	81	82	83	84	85	86	87	88	89	117	134	136	144	145	157	162	163	172	178	182	187
114	101	1	2	3	5	6	8	10	11	12	13	14	15	16	17	18	20	21	22	23	24	25	26	27	28	29	30	31	32	33	34	35	36	37	38	39	40	41	42	43	44	45	46	47	48	49	50	51	52	53	54	55	56	57	58	59	60	61	62	63	64	65	66	67	68	69	70	71	72	73	74	75	76	77	78	79	80	81	82	83	84	85	86	87	88	89	90	91	92	93	125	133	134	152	158	162	165	167	169	172	177	282
114	105	1	2	3	5	6	8	10	12	13	14	15	16	17	18	21	22	23	25	26	27	28	29	30	31	32	33	34	35	36	37	38	39	40	41	42	43	44	45	46	47	48	49	50	51	52	53	54	55	56	57	58	59	60	61	62	63	64	65	66	67	68	69	70	71	72	73	74	75	76	77	78	79	80	81	82	83	84	85	86	87	88	89	90	91	92	93	94	95	96	97	98	99	100	101	102	103	148	159	173	188	192	195	199	204	208
109	103	1	2	5	6	8	10	11	13	15	17	18	19	20	21	23	24	26	28	29	30	31	33	34	35	36	37	38	39	40	41	42	43	44	45	46	47	48	49	50	51	52	53	54	55	56	57	58	59	60	61	62	63	64	65	66	67	68	69	70	71	72	73	74	75	76	77	78	79	80	81	82	83	84	85	86	87	88	89	90	91	92	93	94	95	96	97	98	99	100	101	102	103	104	105	106	107	108	143	151	190	195	200	201
103	101	1	2	6	7	9	11	12	13	14	16	18	19	20	21	22	25	26	28	30	31	32	33	34	35	37	38	39	40	41	42	43	44	45	46	47	48	49	50	51	52	53	54	55	56	57	58	59	60	61	62	63	64	65	66	67	68	69	70	71	72	73	74	75	76	77	78	79	80	81	82	83	84	85	86	87	88	89	90	91	92	93	94	95	96	97	98	99	100	101	102	103	104	105	106	107	108	109	110	111	146	203